00255002552550255255255255255002552552552552552550025525525500025500255002552550255255255255025525500255255025500255255025525502550025500255255255025525525502550255255255025525525502552550255255255002550000255255255255255255025502550025502552550000255255025525502550255255255255255255255255002550002550255025525525502552550
255002552550255025525500255255255255255255002552550025502550255255255025525502552552552552550000255255255002552550000025525525500002552550255255255255255025500255255255255002550025525525502550255000025500255255002552550255000255025500255002552552550255025525500255255025500255255255000025502552550002550
00255025525525525502550025500025502550000002552552552550255255025525525525502552552550000002550255255025525525500025525525502550255255255025525500255255255002550025525525500002552552552550255255255025500000255025525525525502550000000025525525525500000025502552552552552550255255255000002550000
25525502550255025500255255255025525502552552552552552552552552550255255025500255255255255025502550025525525502552552550000255255025500255025502552550000255255025525525525500255255002552552550000002550002552550002552552550255002552552552550025500255025525502552552552550025500000255025500002552552552552552552550
25502552552550255255255255255025525502552552550255255000025525525525502550000255255000002552550025502552552550255025500255025500025525525525525500255002552552552550000255255255255255000255255255255025502552550025502550025525525500025500255255255255255255025525500255255025500255000000000000025500255
000000255002550255255002552550255255000000025502552550025525525525525525502552552550255255025525502550000025502550255255255255255255255255255255002550025502550255255025502552552552550000255025500002550025502550255025502552552550025525525500255255000025525525525525500025525525525525525525502550255025500
255000025525525525525500025525525502550002552550255025525525500025502552552550255002550025500255025525525502550000025525525525502552550000255255255255025502550002550000255255255255255255255255255255025502550255255000025525525525525500255255000255255255255000025502550255255025500255000255255002552550255
255000002552550255025502552552552552552552550000255255025525525502550025502550025502552550255002550002550255000025502550002552552550255025525502550255025525502550025525525525500255000255025525525500255255255255255255255255255000255002550025525525502552552552552550025500025525525500255025525502550025500
2550002552552550002550255255025500255255025525525502550255002550000000025525500002552550000255000002550255255025525502552550255255025525525525525500255002550255000000255255025525525500255255255000025500255255025525502552550025525500255002550025500255255255255000255002552552550000255
2552552552552552552550025500025525502550000002550255255255000025502552552552552552552552552550002552552550255002552552552552552550255002550000025525525502552552550025500255255000255002552550255255255255255255025502550025502550002552550255000255002550000000025500255000025525525525500255255255000
2550255000255255025525525525500000255255025525525525502550002550002552550025502552552552550255255025502552550000002550255255255025525525500000025500000025500002550255025525502550025525525500002550002550255255255002550255255255255002552552552550255025525500002550255255255255255025502552550255255
0025500025525502550000002552550002550255025500255000255255255000025500025525525502550002552552550255255255255025500255255002552552550000000255000255255025525502552552552550002552550255025525500255255255025502550255025500025525525500025525502552552550025525500000255025525500255255255255255
2550255255025525525525502552550025525525525525502550025502550255002550025500025500025525525502550255025525502550255255000000000255025502552552550255255255255255255255000000025500000255255255002550255255025525525500025525502552552550255002552552552552550255255255255025500025525502552552552552550025525525500
25525502552552552550255255025502552550002552550255025500025525525502552550025525502550002552550255000002550255255255255000255255002550025525502552552552552552552550255255000002552552550025525500255025525500255255255255255002550255025500255002550255255255025525500025500000255025525525502552552550255000255
00002552550002550255255255255025500255025525500255255255255255255025502552552552550025525525525500255255255255025500255255255002550255025525502552552550255255025525525500025525500255002552552552552552550025500000255002550255255002552552550025502552550255255025525500255255025525502552552552552552550255025525525525502552550
255255255000000025525500255002552550000002550025502552552550000255000255255255025525502552552552550002550025525502550025525500255255255255255025500255255025525525525502552552550025500000025525525502550002552550000255002552552552550025525525525502552550255255255255002550002550025502550255000
25525502552550002550255025525525500255255255255025525525500025525500002552550002552552550255255002552550025500255025525502552550255255255255255000000255255255255255255025525500025525525502552552552550002552552552550000255025500002550025525502552550255255255002550025525525525500255255025500255002550255000
25525502550255025525500255255255025525525500255025525500255025525525500255255000025525500025525525525502552550025500255255025525502550255255002552552550025500255000255002550255025502552550255002552550255025502550025525502552552550255025525500255025502552552552550025502552552550025525525525500000255025500
00025525502550025525525500255025525525502550002552550255255255000000255255255025525525525525500255025500000255025502552552552550255025525502552552552552550255255000255000025525500025502550000000025525502550025500255000255255025502550255000025502550255255255025525502550002550000255255255
2550255255000255255002552552552550255002552550025500255000025525500255002550255025500255025525525525500000255255025502550255255255025502552550000255255255025502550255025500002552550255000255255255255025502550255255255000255255000255000255255000002550025500025500255255255255002552552550255
2552550025500025525500000000255025525502550255002552552552550025525502550255000002550025502550025502550025525525525525525525500255255002550025525502552552552552552550255255000255025525502550255000000025502552550255025500255025525525502552552550255255255255255000002552550255025525525500255255000
2550025500002550000255000255002550255000002550000025500025502550002550025500002550025525525502552550025502552552550255255025525525500255255025525525525502552550000002550025525525500025525525500025500255255002550255025502552552552552550025502550025525500255255255000025525500255
0255255000255255025525525525525525525525500002552550255255255025502550255025525525525525525525502552550025500255255025500255255255025502552552550255255255000025502550000025500002550025502550002552552550002552550255255025525502552550000255002550255255255002550255255025525502552552550255000255025500000
00255002550002550255000255255255255000025525525525525502550002552550000025502552550000002552550255255255002550255002552550002550255025500025500255255255255255000025502552550002552550255025500002552550255025525500255255255025500025525502552552550000255002552550255255025502552550255255255
255255025500255255255255255255255255025525502552552550025525525525502552552550000255002552552550000255000255000255255000255255255025525525525525502552552550255025525525525525502550255002550255255255002550255255025502552552552550002550255255255025500002552552550255255000255255255025502552550255255000002550025500255
025525525525525525525500002550000255255255002550255025525525502550002552550255025500025500025502550255255000025525502552552550002550002552550025525525502550025500255255025502550255025502552552552552550255002552550000002550255025500255255255002550255025502552550255255255025502550025500255255255255
002550025500025502550255025525525502550025525500025525502552552550002550025525525525525525500000025525500255255025525525525525500025525525502550025500025525500255255025525500255255255025500255255255025500255255255000255002552552552550255025502552550255002552550025502552550000255025500255025500255
255255025525525500255002550025500255255002550025525525525525525525525502550025525502550002550255255255002550002552552550002552552552550025525525525502552550255025525500025525525502552550025502552552552550025500002552552550002550025525525500025500025525500000025500255025525502550025525525525525502550255
0255255000255255025502550002550025525502550000025502550000025502552552552550025500255255255255000255000025502552550255255002552552550255000255255255255255002550025500255000025500002550025502550002550255025525525502550025525525525502552550025502550255255000000255255000000255255
0025502550002550002552550002550255255255025525500255000002550025525525500255025525500025500025525500000025500255255255002550255255025500255255002552552550255255000255255255255025525500025502550000255025525525500255255002550255025500255255025525525500002550255002552550255000000
255000025525500025525500025500025500000255002552550025502550255255002552550255255002550255255255000002550025525500002550025525525502550000002552550025502552550025525525525500002550000255025500025502552552552552550255025502550255255255025525500002550002552550255025525525502550255
25500255000255025500255255255255255002552550255255000255255025525500255255255255000025502550255255255255002552550255255255002552552550255255255255025525502552550255000002550002552550255025500255255025502550255255255025525502550255000255255255000255002550255255255255255025500002550002552552550255255255255255255
255000255255025500025525525502550002552550002552550255255002550000255255255255002552552550255025502552552552550255002550025502550002550255025525525502550025500255255255255255255025525525500000255255025500025525525525525502552550000255002552552552550255000255255255000000025525525502552552552550000
0025500025525500000025502550002552552552552552552550255002552550000255025525525502552550255025525502552550000255255255025525525525525525502552550000255000255002552550255000000255002552552552552550025502552552552552552552550255000255255025525500255025525500025525525502552552550255025502552552550000255
2552552552552550255025500255255255002552552552550255025525502550002552552552552552550025525500255000255025525502552552550255025500025525525502550000025502550255025525525525500255255255000255255002550025500255025502550000025525502552550025525525502552552550025500255255255025525500255025525525525500025525500
025525502552550000255255025500255255025500255255002550025502552550255255255255255255255255025525525525525502552552550002550255000025525500255255002552552550002552552552552550025525502550025525525502552550255255255025525525500255255255255255255255255255025525525525525500025525525500255000255255025502552552552550002552552550255
2552550255025502552552550025525525500025502550025500000025525525500002552550255025525525502550025525500255025525502552552552552550025525502552552552550002552552550255255025502552550000025525525502552552550255000000025502550255000025502552552552552552552552552550255255002552552552550255255255025525525502550255255
25500000025525525525525525500255255002550255025525525525502550255025500255025525502550002552552552550255255255255255002550002550025500000025502552552552550255255000255025502550000025502552550000000255255255025525500255000002552552552552550002552552552550255025525500025500002550255255000
255255255000255255255255000025525500000002552552550255025525525502552552552552552552552552550255000025525502550255255025500255255000025525502550255255025525525525500255255255255255025525525525525525500025500000025525525502550255255000002552552550025525500000002552552550255000255255255255000000255255255
0255000002550255002552552552552550002552550255255255025500025502552550255002552552550002550255255255255025525525500255025502552552552550000025500025525500002550002550255000255255025525525500002552552550025525525525525502550255255002552552550025500025525525525525525525525525525525525525502550000000255
0025500255255255255002550255255255000025500255255000002550000255002552552550025500000002550255255255255255255002550255000002550025500025502550255255025525502550000255025502550255025502552550002550002552552552550025525502552550025500255000002550255255255255255255000025525502550
002552552552550255255002550255255255255025525500000255002552552550255255255025525500002552552550255002552550255025500255255000255000025502550025500025525500025500002550255000000255255025500255025500000002552552552552552550002550000025502552552552552552552550255255025525525500255000255
0255025500255255002550000255025500002552552552552550000255255000025525525500255025502552550025525500255002550255255002552552552552552550255255000000025500255255255000000255255255255000002552552552552552552552550255025500255002552552550000255000255025525525525502550255025525502552550255000
0000002550000255255025500255255255002552550002552550255025525502550255025500025525525502552552552552552550002550255255255025525525525525502552550000025500025525500255255000025500025502552550000025525525502552552550025525525525502552550000255255002552550025502550255025525525500255025502552552550
025525502550025525500255025502550025525525500255255000255025500000025500002552550025500255000002550255025525500025525525525525500255000000255000255002552550025502552550255025525500000000255255255000255255000255255255025502550025500025525500255002550255025525500255000
255255255255025502552552552552552552550000255000255002552550000255255025502550002550025500255025502550255025500000002552552550002552550025500255002552552552550255255002550025525500255000002552550002550255255025502552550025502550255025500255255255255025525525525525502550255255255255025525500255255
000255255255255025502552550025525525502550025500025500025525525502550255025502552552552550255255025500255255255000255255025500002552552550255255255255025502550000255255255025525525525500000002550255255025502550255025525502552550025525502550025525500025500255255255255255255002550002552550000255000
25525525502552550255002552550025502550002550255255255255255255025525525525502550000000255255255025525500255255255002550255000255002552552550025525525502552550255255025500025500000255255000000002550000025525502550255255255000255025525525525502552552550255000000255002552550025500000255255
25525500255025525525502552550025525502550255255255255000025500002550025525525525525525500255002552552552552550255002550255025525525525500025500000025525525500025525500025525502550002550255000255002550025500255255255025525502552552552550255025500255025500002552552550255255255000255255025502552550255
255000025500002552552552552550002552550255255025500025525525502550025525500255025525500255255025502550002550255000000255255255002550025525525525500255025502550002550255255002550255002552552552552552552552552550255025502552550255025525502550255025500025500002552550025502552550255255255002550255255
025525502552550255255025525525525525525525500000255025525502552550255002550255025525500255255255025500000255255255255025502552550255025502552550000255255025500255255255025525525500255000255000025500255002552550025500025500255255255025500255002550025502550255025525525525500255002550000255255255255
2552550002552552552550255255255255002550255255255255002550255025525525500255002550255255002552550255255000025525525502552550255255255255255000025525502552550025502552550025525500025525500255255025525525525500025500255255000255255255000255255025525502552552552552550255255000255000255025525525502550025525525525500
25502550255002552550025502550002550025525525525525525525500255255000000002550000002552550002552550000255025525525525525525525525500002550255255025525500255025500025525502550002552550000255002550255255255255025525525500000002550255255255025500255000000255255002552550025525502552550
255025500255002550255002552552552550000255002550002550255255255000000255002552552552552552550255002552550000255000255000000025500255255002552552552552550255025502552550000255002550025500000025502550255255255255000255255255255025502550025525525525525525500025525525525502550255025525500
002552550255255255255025525502552550025525502552550255025525500025502552552552550255025525500255000255025500255025502550255255025525525500255255025500000255002552550025525500255000255025525502550255255025500002550025525500255255000255255255255025502552550025525525500025500255255025502550000255255
25525525500000025502552550255255000255255025525525502552550025502552550255255002550000002552550255255025502552550002552550255255255002552550025500255255025525502550255000025500025525500255255025500255255255000000002552552552552552550255255255000255255025500255255025525500025502550025502552550
2552550255000255002550000025525502552552552550002552550025525500255255025500002552552550255025500025502552550002550025525500025525525525502550025502550025502552552552550255255025502552552552550255000025500255255255002552550255000000000255255255255025502552552552552550255000255255000255000
0025525525500025500255000002550255255255025500025502550255002552552552552552550025525525525500255255255255255002550255025502552552550255255255002550255002552552552550025500025525500255002552550002550002550255025502550025525500025502552552552552552552552552552552550025525525525502550002552550025525525500255
0255255000255025500002550255255000255025525525502552552550255255255255002552550255002550255002550025500025525500002552552550255000000025500255255255255025500002550025500025525525502552550255000000000255025525500002552552550255255255255255002552550255002550255002552552552552552550000
255000002550255255025502550025525500025500002552550000255002552552550025525525500002550000255255255025525525525525525525525502552550000002550255025525502550255255025502552550255255002552550000000002552550025500000255000025500255002552552550000002552552550255000255002550255
00255255255255002550255255255255255255000255255255255025525525502552550255255255255255255025525500255255000255000000255002552552550255255255255255000000255255002552552552552550255255025525502552550255255002552550255025525502550255025502550255025500025525525525502552550255025525502552552550025525502552550255255025500255255
255255255025502550255025500255255002552552550255025525525502550255255255002552550002552550255000255002550255255000255000025525502552552552552552552550025502552550000000255255025502552552552552552552550255255025525525525500255000000002552552550000255002552550255255255002550025525525500002552552552552550
0255255025502552550255000025502552552552552550255255255255025525502550255255025502550002550000255000255025525502550255255000255002550255255255002550255025525525502550255025525500025500255255025525502552552550025525502550255025500255025502552550255255025525502552552552552552552550000025500025502550000
025525500002552552550255255255255255002550255255025500255255255255255002552550025500255255255025502552550025500255255025525500255000255025525500025500025525525500255255255025500255025502550002550255000025502552552552552550025525500255002550255255025502550255255255002550025525525525525500255025502552550
02550002550025525525500255255255025500000025500255255255025525502552550255255255255000255255255255025525525500255255002552552550025500000255255255255025502552550255255255255255000002552550255025525525525500255255255025525500255255002550025525525500002550002552552552550255255255255025525500255255255255255255000
000255255255025525525525502550255255255000000000255255255255025525525502550025525525525525525525502552552552550002552552552552552550255025500002552550255255255255002552552552550255025500255002550002552550025525502552552550255255255000025525502550025525525525500255002550025502552552552552550000255255255255255255000
255025525502550025500002552550000255255255025502550255255255025500000255025502550025500025525500000025502550025525500025502552552550255025500025502552552552550025500025500002552552552552550025525525502550000025502552552550255255255255255255255000000025502552550255002552552550025525500
2552550255255002550255025500002552552552550255000255255255255025525500025525502550255255025500025502552552550002552552552552552550000255025525525525500255255002552550025525525500255255000255255255000000000255255255255255255000255002552550255255002550025525525525525525502550002552552552552552552550000255255
25502550255255025525525525502550255255255025502550255255255002552550255025500025502550255025502552552550255025502552552550025525525502550255255002552552552550025525500255255000025500255000255002550000255255025525525525525525525525500255000025525502552550025502552552550025525525525525525502550255255002550255255255255
25500255002550255025525502552552552550025525502552552552552552550025525500255000255000002552550255255255002550025525500025502550002550000255025502552550255255255025525525525502552552552552550025525500002550025502552552550255025525502550255255255000000255025500000025500025500002552552550255255
0025502552550255255255255255000255025525500000255255000255255000255002550255255025525502550255002550255025525525502550000025500025502550255255255255002550002550025500255025525525500255002552550025525525525500025500000255025525500255255002552550255255000255000000025500255255255255255
0255000025525525525502552552552550255025525525525502550025500255025525500255255255255002550255255255025525500255255025502552552552552550255002552552550255025525500025525502550255000255025525500000025525525525525500255000255255255025500255255000255255255255000002550255025525525502550002552552550025502552550
0002550255002552550255002552550000002552552552550255255255025500255255255255255000000255255025525500255255255255025500002552550002550002550002550000025502550000255255000000025525525525525525525525525500255002552552550002552552550255025525500255002552552550255255255255000000025502550
25502550255002550255000000025525525525525525500255000000255255025502550255255025502552550025525500255000255255002550002552550255255255255255025500002550002550255025500000002550025502550255025525525525525500255255255002550025525500255002552552552552550002550255255255255002550255000255255
0255002550000002552552552552550255000025502552550025500255025525525525525525525525500000255255255025502552550002552550002550025525500002550025500002550025525525525525500002552552550255255002550255255255255255255255255025500025525525525525525525525502550255025525525500255000002550025525502552552552550
255000000025502552552552552550255255255002550000255002552550025500255025502550000000002550025500025525525500255000002550255255255025502550255002552552552552552552550255025525500025525525525525525500255000000255025525525525525502552550025500002552552550255025500255025500000255000
255025502552550255002550255025525502552550025502552552550255025525500255000255255025525525500255002550255255255002550000255025502550025502552552550025500255255000255025525525525525500255025525500025525525525525500255000000255255025502552552552550255025502550025502552552552552552550025500255255000255255
0255255255255000000255002550025502552552552552550255255025500002550255025502550025500025500025500025502552552550025525500255002550025502550255255025525525525500002550255255025525525500255000002552552552550000000255002550255255255025502552552552552550255255255255255255025525525502550002550255255
0000255002550255025525502552550002550000255002552552550002552550255255002552552552550000255255255255025500255002552552552550025502552550025525500255025502550025525502550255255000025502550025500025525525525525525502550025525500002552552550255255255002552550025525525525500002552552550002552552550
255025525502552552552552550255255255255002550025500255255002552550255025500255025502550000025500025525502552550255255002552550025525502552550002550255025502550025525500255025525502552552550255025525525525525502550025500255000255025525525502552550255000025502552552552550025500000255025525525525525500255
255002550255025500255025525525500255255255255255255025500025525525502550255255025500025502550025525525500002552552552550255025502552552550255255255255255025525500000255000002550002552550002550255255002550255255255000000025500025525502550255255255255255002552550025502550002552552552552552552552552550255
002550255000025500025502552550025525525525500255000255025525502552550255255255255025502552552552552552550002552552550255000255025502550255025525500255002550255255002550025502550025502550255255025525502550255255002552550255000000002550255255002552550025500025502552552552552550025500000255255
2550025525525525525502550255025525525525525502552552552552552550255002550025500255025525525500255002552552552552552550255255002550255000025502550025500255025525500002550255255255000255000255002552550002552552552550255255255000025525525525525525500255255025502550025525500255255255255255255255002550255025525500255
02550255255255255025525502550025525500255255002552552552552550255255255255255000002552552552550000255025502552552552550000255025525525525525525502552552552552550255000025502550025502550255025500255255255255255000255025525525502552552550255000255000025502552550255255025525525525500002552550255002552552550002550
0255255255255025502552552552552552552550255000255000025502552552552552552550025525500255025500025502550025502552550255000255025525525500255255255255255000255255025525502552552550255025525500025525502550255000255255002552550255255255025525525500000255255000255025525525502552552552552552552550255255255255255255025525500
255255000255025502550255255025500000002550255255025502550255025502552550255255255255025525502550000255025500025525525525525500025500255255255025525502550255255000025502550025525500025525525500255002550000255002550255255255255000025525502552552552550025525525525500255255255255002550025525500255255
000255002550255255255255025502550255000255255255002552552552552552552552552550255255025502552550255255002552550000025500255000255000255025500025525525525525525502552550000025525500255000025525525525525525500255255002550002550025500255025525502550000002552550255002552550255255000255002550255
00255000000255025502550025525525500002550000255025502552550255002550025525502552550255255255255025525525500255255255255025525502552550255025500025525500025500000255255255255025500255025502552552552550255255000025525525502552552550025502552552552552550255255002550255255255002550255255025525502552552552550
2550025502552552550000025525500255255255255000255000025525525502550255025525502550255002550000025525500025525502550255025525502552550025502552550002552550025525500002552550255255002552550025525525525525525525500255255255255000255255000025502552552552550255255255255025525525500255255025500025500255255
255025525502550255002550255255025525525525525500255255255025502550002552552550255255255025525500255255255255255255255025502552552552550025500025502552550255255025525500000025525502550255255255255025500255002552552550255025525525525502550255025525525500025525525500002550255255255255255000002552550255002550025500255
0000255000255255255002550025502550002552552552552550025525500000255000025525525500255000002550025500000255255002550025502552552552550025502552550255255025525502552550025525525500255255000255000000025525525502550025525525500025500255255255025525525525500255255025500025525525502552550
25525525502552552550025525525525525525502550255002552552550255025500025525502552552550000000025502550025500025525500025525502550025525500025525525502550255255255025500025500025502550255255255255255002552552550255000025525502552550255255255000255000000255000000255002550000255255025525500
255025525502552552550025502550255002550002550025500255025525500255255255255255000002550025525525525525525525500002552552550255255255255255255025525525502552550255000255025502552550002552550025525500255255025525502550025525525500002550025500025502552550255255255255000025500255255025502550255255025502550
25525500025500255002550000000025525525525525525502552552552550025525525525525525500255255255025502550025502550255255025500255255002552550025525500255000002552550255002552552550025525502552552552552550000000025500002552552552552550002552552550002550255255255255000025502552552552550002552552552550255
255255002552550000025525525525525502552550255025500025525502552550255025500255255002552550255002550255255000002552552552550255002552550000025525525502552552552550025525525502550255002550255025525525500000025502552552550025525525525500255000255255025525500025525525500000255025525502550255025500255
2552550255025500025500025525500255025502552550000255025525525525500025525500255255002552552550255255255255255025500000002550025525525525502550255025502552550255255255025525500000255255000255002550255002552552552552550000000255255255255255002550255255255000255255000255002550025500255000255
2550255002552550255255255255255002550025500255255002552552552550255002552550002550025502552552552552552552552552550255255255255255002552550002550255025502552550255025525502552550255255000025502552550000255025500025525525525525500025502552550255000255255255000000255255002552552550255025502552550255025525500
25502550255255255025525525500000002550025500255255002552552550255000255025525500255255000255255255255255255000000255255025502552552552552550025502552552550002550255000255025525525525502550255255002552552552550255025525525502552550000025500255255255255255255025525502552552552550255255255255000002552552552550255
0255002550002552552550000255255025525525525525525525502550255025525502552552550002550255000025500255000002552552552550025525502550255000255255255025502552550025502552552552552552550002550255255255255255025525525525525500255002550000025502552552550025500025502550002552550255255255255255000025500255255
025500025500000255255255255002552550255025525500025502550000000255255255025525525525502550255255255255025500025525502552552552552550255255255255255255002552550255000255255025500000255255025500255000255025525525502552552552552550255025500255000025525525525500002552552552552550255025525502552550025502550
